-2.000000000000000000e+00 1.341135198238816882e-03 -2.761334665995496907e+05 -2.058953243208955228e+08
-1.899999999999999911e+00 1.389597611410722192e-03 -3.093419179949901882e+05 -2.226125861579062939e+08
-1.799999999999999822e+00 1.532714376736510819e-03 -2.928523621421420248e+05 -1.910677987934645116e+08
-1.699999999999999734e+00 1.607120806923108053e-03 -2.262313814755759086e+05 -1.407681242760488093e+08
-1.599999999999999645e+00 2.129849151089938802e-03 -1.863420828034324222e+05 -8.749074210634723306e+07
-1.499999999999999556e+00 3.333619076641477358e-03 -1.732915875449204468e+05 -5.198302012343491614e+07
-1.399999999999999467e+00 5.418624460463179228e-03 -1.514889511487525015e+05 -2.795708620408865809e+07
-1.299999999999999378e+00 9.096885584234179131e-03 -1.532175988014812465e+05 -1.684286312966525555e+07
-1.199999999999999289e+00 1.431039778375234502e-02 -1.516568310255235992e+05 -1.059766704722288251e+07
-1.099999999999999201e+00 2.411316839332532103e-02 -1.551777847115641052e+05 -6.435395887440420687e+06
-9.999999999999991118e-01 4.457758948747946037e-02 -1.601984996329909191e+05 -3.593700365471443627e+06
-8.999999999999990230e-01 7.095292183185344936e-02 -1.663182199883351859e+05 -2.344064426021546125e+06
-7.999999999999989342e-01 9.876802612170321183e-02 -1.637641617373893387e+05 -1.658068589278043015e+06
-6.999999999999988454e-01 1.353263662391328837e-01 -1.570889085780181049e+05 -1.160815242023339495e+06
-5.999999999999987566e-01 1.791029846088328659e-01 -1.439501063421380823e+05 -8.037281269015707076e+05
-4.999999999999986677e-01 2.294218389078717668e-01 -1.257380871442638309e+05 -5.480650305255206767e+05
-3.999999999999985789e-01 2.775617163670454635e-01 -1.050099491609908291e+05 -3.783300900983278407e+05
-2.999999999999984901e-01 3.141284379787642744e-01 -7.972668319647203316e+04 -2.538028193482492643e+05
-1.999999999999984013e-01 3.475511003619290440e-01 -4.904990153123372147e+04 -1.411300424028428097e+05
-9.999999999999831246e-02 3.871048137333640837e-01 -1.598686959102855326e+04 -4.129855538825779513e+04
1.776356839400250465e-15 4.456222441709364879e-01 1.660348607347741927e+04 3.725910519652712537e+04
1.000000000000018652e-01 4.833260066833346968e-01 4.838084725800369779e+04 1.000998220435132534e+05
2.000000000000019540e-01 5.272064311835932271e-01 7.817563470850072918e+04 1.482827789733031823e+05
3.000000000000020428e-01 5.721171540150016277e-01 1.078552024378690985e+05 1.885194346664197219e+05
4.000000000000021316e-01 5.991963879205052246e-01 1.263059231935086573e+05 2.107921972491354973e+05
5.000000000000022204e-01 6.303981446426122348e-01 1.443243358486705692e+05 2.289415618925901072e+05
6.000000000000023093e-01 6.900761216608418680e-01 1.607247123986305669e+05 2.329086710199537047e+05
7.000000000000023981e-01 7.313911186468985415e-01 1.694521616251538217e+05 2.316847406332288811e+05
8.000000000000024869e-01 7.607049937511668469e-01 1.665058279124671244e+05 2.188835741584899079e+05
9.000000000000025757e-01 8.104685957514129457e-01 1.663371808494907455e+05 2.052358126168650633e+05
1.000000000000002665e+00 8.523298540927783939e-01 1.718469712380042183e+05 2.016202652210492815e+05
1.100000000000002753e+00 8.713361555129640612e-01 1.584154484546730237e+05 1.818075004145929415e+05
1.200000000000002842e+00 8.902825189451005761e-01 1.518244001874931273e+05 1.705350795468729339e+05
1.300000000000002931e+00 9.280618726373914829e-01 1.577673273735172697e+05 1.699965616787701729e+05
1.400000000000003020e+00 9.475833084697979913e-01 1.693158403436900117e+05 1.786817463227683620e+05
1.500000000000003109e+00 9.655808496093671867e-01 1.756798262371152232e+05 1.819421194073886145e+05
1.600000000000003197e+00 9.895138795359976758e-01 1.967118892390403198e+05 1.987964932147109939e+05
1.700000000000003286e+00 9.971288701603757687e-01 2.041493054833393835e+05 2.047371323733756726e+05
1.800000000000003375e+00 9.995559250106405003e-01 2.227877939860686020e+05 2.228867724271625630e+05
1.900000000000003464e+00 9.995248875550559742e-01 1.638797629750286869e+05 1.639576613003564125e+05
