-2.000000000000000000e+00 2.331728504617055586e-04 -2.582716265377187881e+01 -1.107640216373026051e+05
-1.899999999999999911e+00 6.989818333162769797e-04 -9.575171030499635094e+01 -1.369874090299431118e+05
-1.799999999999999822e+00 2.790670232608654430e-03 -3.873036727580825413e+02 -1.387851807900785061e+05
-1.699999999999999734e+00 9.537958739482793602e-03 -1.287710355973028072e+03 -1.350090088608262886e+05
-1.599999999999999645e+00 1.167828777104172079e-02 -1.442154442073093605e+03 -1.234902299332919501e+05
-1.499999999999999556e+00 1.899868790640662011e-02 -2.206839381322715781e+03 -1.161574626729111769e+05
-1.399999999999999467e+00 3.882741597219929036e-02 -4.734206999475331941e+03 -1.219294892780157825e+05
-1.299999999999999378e+00 8.199857090917223035e-02 -9.966022230058180867e+03 -1.215389746377079427e+05
-1.199999999999999289e+00 1.119610390436898140e-01 -1.467556637289290302e+04 -1.310774399580746540e+05
-1.099999999999999201e+00 1.387104100358663994e-01 -1.838611779512932117e+04 -1.325503816935961368e+05
-9.999999999999991118e-01 1.817673719305235025e-01 -2.561619832385945847e+04 -1.409284738608130137e+05
-8.999999999999990230e-01 2.131788440183614020e-01 -3.058602840807191751e+04 -1.434759089201060706e+05
-7.999999999999989342e-01 2.380129248453908553e-01 -3.582094670672385837e+04 -1.505000063756728196e+05
-6.999999999999988454e-01 2.773070725873746922e-01 -4.428673605304408557e+04 -1.597028724865648546e+05
-5.999999999999987566e-01 3.263919131555675923e-01 -5.130852866355932929e+04 -1.571991418767297582e+05
-4.999999999999986677e-01 3.660120081059470842e-01 -5.049419668745744275e+04 -1.379577597706609231e+05
-3.999999999999985789e-01 4.039544209074171222e-01 -4.968542807119974896e+04 -1.229976093827358272e+05
-2.999999999999984901e-01 4.418991572762354658e-01 -4.397491957284400269e+04 -9.951347235847941192e+04
-1.999999999999984013e-01 4.794733832021683129e-01 -3.057393949146408704e+04 -6.376566575453196856e+04
-9.999999999999831246e-02 5.169717492971032113e-01 -1.210220172093905057e+04 -2.340979316063927763e+04
1.776356839400250465e-15 5.909411729850058137e-01 1.659483374679588451e+04 2.808204015125707156e+04
1.000000000000018652e-01 6.509441540761333744e-01 6.195753004379037884e+04 9.518102229787276883e+04
2.000000000000019540e-01 7.112120505789488734e-01 1.329808919777055271e+05 1.869778385636954918e+05
3.000000000000020428e-01 7.518234929580922543e-01 2.190991220796326234e+05 2.914236175536024966e+05
4.000000000000021316e-01 7.863936194666233392e-01 3.254071834753466537e+05 4.137968256864243303e+05
5.000000000000022204e-01 8.228885652339782419e-01 4.694904400666577858e+05 5.705395115475495113e+05
6.000000000000023093e-01 8.651612713334695393e-01 6.779552636836769525e+05 7.836172123594336445e+05
7.000000000000023981e-01 9.044701393373865139e-01 1.054382363711411133e+06 1.165745907857002458e+06
8.000000000000024869e-01 9.327043094706846116e-01 1.608614525478089694e+06 1.724677916831957409e+06
9.000000000000025757e-01 9.581419440985463609e-01 2.666131433958375826e+06 2.782605907589992974e+06
1.000000000000002665e+00 9.752750432612270481e-01 4.444156212778478861e+06 4.556823476091055200e+06
1.100000000000002753e+00 9.872635810760477248e-01 8.855708399357469752e+06 8.969953484666548669e+06
1.200000000000002842e+00 9.939336384876135133e-01 1.896695264473225921e+07 1.908271529434570670e+07
1.300000000000002931e+00 9.968311801802149930e-01 3.635658445687258244e+07 3.647215815450290591e+07
1.400000000000003020e+00 9.983550993979906085e-01 7.168094516638250649e+07 7.179904746277773380e+07
1.500000000000003109e+00 9.988683513104167355e-01 1.234069532968861312e+08 1.235467648314098418e+08
1.600000000000003197e+00 9.992778446750256727e-01 2.062873713468448222e+08 2.064364505288630426e+08
1.700000000000003286e+00 9.994775693913350301e-01 2.991789513428815007e+08 2.993353332832435966e+08
1.800000000000003375e+00 9.995965684204989321e-01 3.627397025906794667e+08 3.628861023041110039e+08
1.900000000000003464e+00 9.996517020779248641e-01 3.347841040032026768e+08 3.349007492382637858e+08
