2.0  1.0
1.99  0.9513513513513513
1.98  0.9198198198198196
1.97  0.8864864864864863
1.96  0.863063063063063
1.95  0.8405405405405405
1.94  0.8198198198198198
1.93  0.8036036036036036
1.92  0.781081081081081
1.91  0.7558558558558558
1.9  0.7419068100471932
1.89  0.7261624108691731
1.88  0.71195405063535
1.87  0.6923695540968371
1.8599999999999999  0.6796972328072112
1.85  0.6631848141570925
1.84  0.6462883857709245
1.83  0.6301599768568551
1.82  0.6159516166230321
1.81  0.6028952855973568
1.8  0.580622720906499
1.79  0.5648783217284788
1.78  0.5468298641341631
1.77  0.5353095720526849
1.76  0.5207172020828127
1.75  0.5034367639605954
1.74  0.48577231610232885
1.73  0.46925989745221025
1.72  0.4546675274823379
1.71  0.4381551088322192
1.7  0.42567193989042074
1.69  0.40693773926910914
1.68  0.3909074438921105
1.67  0.3744908763373529
1.66  0.3596193974936313
1.65  0.34861064042749973
1.6400000000000001  0.3308421202505856
1.63  0.314811824873587
1.62  0.2999403460298654
1.6099999999999999  0.28680709198605936
1.6  0.27502579056440973
1.5899999999999999  0.2624719447872422
1.58  0.25242886816550814
1.57  0.23968188629946102
1.56  0.22596922398901645
1.55  0.21129088123417436
1.54  0.1991233076347658
1.53  0.18772827839087522
1.52  0.17671952132474364
1.51  0.1674489890585276
1.5  0.15638643121324633
1.49  0.14399292884389625
1.48  0.13665467086204422
1.47  0.12915334048059549
1.46  0.12083664810116322
1.45  0.11317224532011778
1.44  0.10510016154008056
1.43  0.09849572935641375
1.42  0.09262512297093213
1.4100000000000001  0.08544993738867682
1.4  0.07957933100319521
1.3900000000000001  0.0742794780163021
1.38  0.06955037842799745
1.37  0.06367977204251583
1.3599999999999999  0.058950672454211206
1.35  0.0545477176651
1.3399999999999999  0.05144934207276248
1.33  0.047046387283651264
1.3199999999999998  0.04288804109393512
1.31  0.04093117229877458
1.2999999999999998  0.038131418631058525
1.29  0.03486508518233206
1.28  0.032300408548517213
1.27  0.029856707227618157
1.26  0.027146860218304356
1.25  0.024727353959988457
1.24  0.022500825495714992
1.23  0.020660978991092996
1.22  0.019218937136118993
1.21  0.018050385977777996
1.2  0.016359716216773998
1.19  0.014420418549739997
1.18  0.013276730182001997
1.17  0.012481120882705997
1.1600000000000001  0.011610923211600998
1.15  0.011082487545265805
1.1400000000000001  0.009829763990390816
1.13  0.008989549670486003
1.12  0.008387272149138307
1.1099999999999999  0.007941140651843715
1.1  0.007323992080586199
1.0899999999999999  0.006684536934463952
1.08  0.00629788963680864
1.0699999999999998  0.006059952838251524
1.06  0.005755096315100221
1.0499999999999998  0.005227174043301622
1.04  0.004981801719789597
1.03  0.004572847847269555
1.02  0.00434234657366735
1.01  0.004111845300065146
1.0  0.0038186606130008074
0.99  0.0036180467994894635
0.98  0.0034057693921693212
0.97  0.0031855024286524397
0.96  0.0029862602812162483
0.95  0.0027704146214937077
0.94  0.00255931282242441
0.9299999999999999  0.0024098812118472663
0.9199999999999999  0.002248589949637016
0.9099999999999999  0.0021371092242858138
0.8999999999999999  0.0020232565686079903
0.8899999999999999  0.001940239007176244
0.8799999999999999  0.0018145266998653136
0.8699999999999999  0.0017315091384335673
0.8599999999999999  0.0016603512286349276
0.8499999999999999  0.0015702178762233173
0.8400000000000001  0.0014539932902188724
0.8300000000000001  0.001408926614013067
0.8200000000000001  0.001335396773887806
0.81  0.0012618669337625449
0.8  0.0012018354310653818
0.79  0.0011317097137965141
0.78  0.0010929167638179917
0.77  0.0010548698321082867
0.76  0.0010093627177104045
0.75  0.0009698237494630642
0.74  0.0009146183975705513
0.73  0.0008646351735597627
0.72  0.0008139059312801561
0.71  0.0007833191822586287
0.7  0.0007452722505489239
0.69  0.0007124474467209433
0.6799999999999999  0.0006915589351940465
0.6699999999999999  0.0006664717112490814
0.6599999999999999  0.0006512206423417799
0.6499999999999999  0.0006306316993169226
0.6399999999999999  0.0006176682907457163
0.6299999999999999  0.0006069925425106051
0.6199999999999999  0.0005932665804940337
0.6099999999999999  0.0005734401909145415
0.5999999999999999  0.0005226513798670912
0.5900000000000001  0.0005086108548596968
0.5800000000000001  0.0004914183752588056
0.5700000000000001  0.00046935469310432866
0.56  0.00045388146146352657
0.55  0.0004404140191094952
0.54  0.0004258004114487377
0.53  0.0004091810145012096
0.52  0.00040574251858103137
0.51  0.00040087131602744555
0.5  0.00038826349765345866
0.49  0.00037737492723956094
0.48  0.00037336334866601965
0.47  0.0003656267328456187
0.45999999999999996  0.0003578901170252176
0.44999999999999996  0.0003495804185514536
0.43999999999999995  0.00033582643487074066
0.42999999999999994  0.00032350515782343534
0.41999999999999993  0.00031462237669630823
0.4099999999999999  0.0003114704221028115
0.3999999999999999  0.00030803192618263325
0.3899999999999999  0.00029485102515528335
0.3799999999999999  0.0002905529052550606
0.3699999999999999  0.00028424899606806713
0.3599999999999999  0.0002805239588212074
0.34999999999999987  0.0002767989215743477
0.33999999999999986  0.0002656238098337684
0.33000000000000007  0.0002607526072801826
0.32000000000000006  0.00025330253278646307
0.31000000000000005  0.00024871787155955876
0.30000000000000004  0.00025107845023528537
0.29000000000000004  0.00024776135688868103
0.28  0.00024482700508206946
0.27  0.00024099958968214132
0.26  0.00023717217428221316
0.25  0.00023436540298893256
0.24  0.00023117589015565908
0.22999999999999998  0.00022683815270240724
0.21999999999999997  0.00022326589832914097
0.20999999999999996  0.0002199488049825366
0.19999999999999996  0.00021497316496263004
0.18999999999999995  0.00021176117773004448
0.17999999999999994  0.0002074975298562852
0.16999999999999993  0.00020659311970124537
0.15999999999999992  0.0002051719037433256
0.1499999999999999  0.0002032338819825259
0.1399999999999999  0.00020116665877100627
0.1299999999999999  0.00019819502540444677
0.11999999999999988  0.00019586939929148715
0.10999999999999988  0.00019134734851628793
0.09999999999999987  0.0001883757151497284
0.08999999999999986  0.0001860500890367688
0.08000000000000007  0.00018307845567020929
0.07000000000000006  0.0001799776208529298
0.06000000000000005  0.00017765199473997022
0.050000000000000044  0.0001746803613734107
0.040000000000000036  0.0001735175483169309
0.030000000000000027  0.00017093351930253133
0.020000000000000018  0.0001687370946402917
0.010000000000000009  0.00016666987142877206
0.0  0.00016713114531355104
-0.010000000000000231  0.00016552209703301038
-0.020000000000000018  0.00016454267634050736
-0.03000000000000025  0.0001628636694390736
-0.040000000000000036  0.0001608348694331745
-0.04999999999999982  0.00015999536598245763
-0.06000000000000005  0.00015761677287209314
-0.06999999999999984  0.0001561476418333386
-0.08000000000000007  0.0001541888004483326
-0.08999999999999986  0.00015341925561850877
-0.10000000000000009  0.00015195012457975423
-0.10999999999999988  0.00015048099354099973
-0.1200000000000001  0.00014810240043063524
-0.1299999999999999  0.00014600364180384305
-0.14000000000000012  0.0001436250486934786
-0.1499999999999999  0.00014243575213829633
-0.16000000000000014  0.00014033699351150415
-0.16999999999999993  0.00013823823488471197
-0.18000000000000016  0.00013683906246685052
-0.18999999999999995  0.00013543989004898905
-0.20000000000000018  0.00013509009694452368
-0.20999999999999996  0.00013341109004308993
-0.2200000000000002  0.0001317320831416562
-0.22999999999999998  0.0001299131589984363
-0.2400000000000002  0.00012886377968504022
-0.25  0.00012739464864628566
-0.26000000000000023  0.00012669506243735495
-0.27  0.00012634526933288958
-0.28000000000000025  0.00012592551760753112
-0.29000000000000004  0.00012431646932699046
-0.30000000000000027  0.00012361688311805972
-0.31000000000000005  0.00012277737966734286
-0.31999999999999984  0.0001221477520793052
-0.33000000000000007  0.00012060866241965761
-0.33999999999999986  0.00011969920034804766
-0.3500000000000001  0.0001178103175839347
-0.3599999999999999  0.00011669097964964553
-0.3700000000000001  0.00011634118654518016
-0.3799999999999999  0.00011578151757803559
-0.3900000000000001  0.00011501197274821177
-0.3999999999999999  0.00011354284170945724
-0.41000000000000014  0.00011256342101695424
-0.41999999999999993  0.00011179387618713041
-0.43000000000000016  0.0001115840003244512
-0.43999999999999995  0.00011095437273641355
-0.4500000000000002  0.00010997495204391053
-0.45999999999999996  0.00010906548997230058
-0.4700000000000002  0.00010836590376336987
-0.48  0.00010787619341711835
-0.4900000000000002  0.00010703668996640147
-0.5  0.00010730868250356878
-0.5100000000000002  0.00010645151919715
-0.52  0.00010539026938920295
-0.5300000000000002  0.00010428820228095025
-0.54  0.00010371676007667108
-0.5500000000000003  0.00010298204867116927
-0.56  0.0001021248853647505
-0.5699999999999998  0.00010130853935863738
-0.5800000000000001  0.00010102281825649779
-0.5899999999999999  0.00010081873175496952
-0.6000000000000001  0.00010057382795313559
-0.6099999999999999  9.996156844855075e-05
-0.6200000000000001  9.947176084488288e-05
-0.6299999999999999  9.869623213907542e-05
-0.6400000000000001  9.775743423204535e-05
-0.6499999999999999  9.718599202776617e-05
-0.6600000000000001  9.681863632501527e-05
-0.6699999999999999  9.612474221981912e-05
-0.6800000000000002  9.518594431278903e-05
-0.69  9.432878100637026e-05
-0.7000000000000002  9.375733880209108e-05
-0.71  9.330834849872888e-05
-0.7200000000000002  9.261445439353273e-05
-0.73  9.216546409017052e-05
-0.7400000000000002  9.143075268466871e-05
-0.75  9.041032017702733e-05
-0.7600000000000002  8.947152226999724e-05
-0.77  8.930825306877463e-05
-0.7800000000000002  8.881844546510675e-05
-0.79  8.804291675929929e-05
-0.8000000000000003  8.759392645593709e-05
-0.81  8.718575345288053e-05
-0.8199999999999998  8.649185934768437e-05
-0.8300000000000001  8.616532094523913e-05
-0.8399999999999999  8.555306144065431e-05
-0.8500000000000001  8.502243653668077e-05
-0.8599999999999999  8.489998463576381e-05
-0.8700000000000001  8.469589813423554e-05
-0.8799999999999999  8.45326289330129e-05
-0.8900000000000001  8.432854243148463e-05
-0.8999999999999999  8.37979175275111e-05
-0.9100000000000001  8.322647532323192e-05
-0.9199999999999999  8.289993692078667e-05
-0.9300000000000002  8.257339851834144e-05
-0.94  8.224686011589619e-05
-0.9500000000000002  8.187950441314528e-05
-0.96  8.151214871039438e-05
-0.9700000000000002  8.138969680947742e-05
-0.98  8.114479300764349e-05
-0.9900000000000002  8.110397570733783e-05
-1.0  8.053681271282273e-05
-1.0100000000000002  8.00675143545091e-05
-1.02  7.991108156840455e-05
-1.0300000000000002  7.972857665128257e-05
-1.04  7.959821599619546e-05
-1.0500000000000003  7.94157110790735e-05
-1.06  7.92071340309341e-05
-1.0700000000000003  7.910284550686441e-05
-1.08  7.873783567262047e-05
-1.0899999999999999  7.871176354160306e-05
-1.1  7.84510422314288e-05
-1.1099999999999999  7.803388813515002e-05
-1.12  7.769495043192352e-05
-1.13  7.740815699073184e-05
-1.1400000000000001  7.719957994259246e-05
-1.15  7.706921928750533e-05
-1.1600000000000001  7.704314715648791e-05
-1.17  7.691278650140079e-05
-1.1800000000000002  7.670420945326139e-05
-1.19  7.641741601206973e-05
-1.2000000000000002  7.618276683291292e-05
-1.21  7.600026191579095e-05
-1.2200000000000002  7.553096355747731e-05
-1.23  7.50877373301811e-05
-1.2400000000000002  7.503559306814627e-05
-1.25  7.487916028204172e-05
-1.2600000000000002  7.480094388898945e-05
-1.27  7.459236684085006e-05
-1.2800000000000002  7.427950126864097e-05
-1.29  7.386234717236218e-05
-1.3000000000000003  7.373198651727506e-05
-1.31  7.354948160015309e-05
-1.3200000000000003  7.326268815896143e-05
-1.33  7.326268815896143e-05
-1.3399999999999999  7.313232750387431e-05
-1.35  7.281946193166522e-05
-1.3599999999999999  7.274124553861296e-05
-1.37  7.274124553861296e-05
-1.38  7.253266849047356e-05
-1.3900000000000001  7.250659635945613e-05
-1.4  7.229801931131675e-05
-1.4100000000000001  7.221980291826446e-05
-1.42  7.211551439419478e-05
-1.4300000000000002  7.20372980011425e-05
-1.44  7.201122587012508e-05
-1.4500000000000002  7.182872095300311e-05
-1.46  7.182872095300311e-05
-1.4700000000000002  7.182872095300311e-05
-1.48  7.167228816689856e-05
-1.4900000000000002  7.167228816689856e-05
-1.5  7.15940717738463e-05
-1.5100000000000002  7.15940717738463e-05
-1.52  7.156799964282888e-05
-1.5300000000000002  7.156799964282888e-05
-1.54  7.156799964282888e-05
-1.5500000000000003  7.154192751181145e-05
-1.56  7.154192751181145e-05
-1.5700000000000003  7.151585538079402e-05
-1.58  7.14897832497766e-05
-1.5899999999999999  7.143763898774175e-05
-1.6  7.141156685672432e-05
-1.6099999999999999  7.135942259468949e-05
-1.62  7.133335046367206e-05
-1.63  7.128120620163721e-05
-1.6400000000000001  7.125513407061978e-05
-1.65  7.125513407061978e-05
-1.6600000000000001  7.117691767756752e-05
-1.67  7.109870128451524e-05
-1.6800000000000002  7.109870128451524e-05
-1.69  7.109870128451524e-05
-1.7000000000000002  7.104655702248038e-05
-1.71  7.104655702248038e-05
-1.7200000000000002  7.096834062942812e-05
-1.73  7.096834062942812e-05
-1.7400000000000002  7.096834062942812e-05
-1.75  7.096834062942812e-05
-1.7600000000000002  7.096834062942812e-05
-1.77  7.091619636739328e-05
-1.7800000000000002  7.089012423637585e-05
-1.79  7.089012423637585e-05
-1.8000000000000003  7.089012423637585e-05
-1.81  7.089012423637585e-05
-1.8200000000000003  7.089012423637585e-05
-1.83  7.089012423637585e-05
-1.8399999999999999  7.089012423637585e-05
-1.85  7.089012423637585e-05
-1.8599999999999999  7.089012423637585e-05
-1.87  7.086405210535842e-05
-1.88  7.086405210535842e-05
-1.8900000000000001  7.086405210535842e-05
-1.9  7.086405210535842e-05
-1.9100000000000001  7.086405210535842e-05
-1.92  7.086405210535842e-05
-1.9300000000000002  7.0837979974341e-05
-1.94  7.0837979974341e-05
-1.9500000000000002  7.0837979974341e-05
-1.96  7.0837979974341e-05
-1.9700000000000002  7.0837979974341e-05
-1.98  7.0837979974341e-05
-1.9900000000000002  7.0837979974341e-05
