-1.7  1.0
-1.69  0.9648648648648649
-1.68  0.927927927927928
-1.67  0.8936936936936938
-1.66  0.8522522522522523
-1.65  0.8126126126126126
-1.64  0.7900900900900901
-1.63  0.7495495495495497
-1.6199999999999999  0.727927927927928
-1.6099999999999999  0.7081081081081081
-1.5999999999999999  0.6756756756756758
-1.5899999999999999  0.6576576576576577
-1.58  0.6243243243243244
-1.5699999999999998  0.581981981981982
-1.56  0.5513513513513514
-1.55  0.5270270270270271
-1.54  0.4936936936936937
-1.53  0.4693693693693694
-1.52  0.43243243243243246
-1.51  0.3790574969538825
-1.5  0.37300999381167
-1.49  0.3555931847620979
-1.48  0.33938587634096823
-1.47  0.3200338662858881
-1.46  0.3062455591216435
-1.45  0.28810304969500583
-1.44  0.2704443405197452
-1.43  0.25399513197292706
-1.42  0.2370621231747319
-1.41  0.2189196137480943
-1.4  0.20416370608109566
-1.39  0.18892399816272004
-1.38  0.17561949124985243
-1.3699999999999999  0.16618538634800084
-1.3599999999999999  0.15917028270303427
-1.3499999999999999  0.14973617780118273
-1.3399999999999999  0.13667357101400363
-1.33  0.12675566586077502
-1.3199999999999998  0.11925676196443147
-1.31  0.1112740578167109
-1.2999999999999998  0.10087235241210532
-1.29  0.09409914889282726
-1.28  0.08974494663043424
-1.27  0.08393934361391019
-1.26  0.07644043971756662
-1.25  0.07160243720379658
-1.24  0.06603873431296103
-1.23  0.0628940326790105
-1.22  0.05926553079368298
-1.21  0.05539512878266695
-1.2  0.05944345658848926
-1.19  0.05611857693047852
-1.18  0.05211973517962777
-1.17  0.04982826406397172
-1.16  0.046593246018339654
-1.15  0.043762605228411584
-1.14  0.04030293315183285
-1.13  0.03688819188144345
-1.12  0.034911236409112735
-1.1099999999999999  0.0332937273862967
-1.1  0.031586356751102
-1.0899999999999999  0.029744193697339296
-1.08  0.02826147709309126
-1.0699999999999998  0.025970005977435217
-1.06  0.02454313286012159
-1.0499999999999998  0.023171743933448126
-1.04  0.02156390864010683
-1.0299999999999998  0.020003362620099097
-1.02  0.019152155700094882
-1.0099999999999998  0.017118716946751475
-0.9999999999999999  0.015270313656033698
-0.99  0.014177324929104927
-0.98  0.013094845709165854
-0.97  0.012348670712897174
-0.96  0.011665552758566691
-0.95  0.010877339734339214
-0.94  0.010467468961740925
-0.9299999999999999  0.00985791755633834
-0.9199999999999999  0.009069704532110862
-0.9099999999999999  0.00869136228048167
-0.8999999999999999  0.008344548549821581
-0.8899999999999999  0.00793467777722329
-0.8799999999999999  0.0075668450325838
-0.8699999999999999  0.007062388697078214
-0.86  0.006747103487387222
-0.85  0.006358251728768332
-0.84  0.0060429665190773404
-0.83  0.0058537953932627455
-0.82  0.005738190816376049
-0.8099999999999999  0.005707121730456993
-0.7999999999999999  0.005650510479565914
-0.7899999999999999  0.005466523914169903
-0.7799999999999999  0.005289613755135279
-0.7699999999999999  0.004974713672053647
-0.7599999999999999  0.0046951956207789405
-0.7499999999999999  0.004514747258563623
-0.74  0.0044015247567814626
-0.73  0.004143235924590911
-0.72  0.004058319048254291
-0.71  0.003941558343291438
-0.7  0.0037823392001602764
-0.69  0.0036549638856553466
-0.6799999999999999  0.003534664977511802
-0.6699999999999999  0.003442671694813797
-0.6599999999999999  0.003371907631199947
-0.6499999999999999  0.003216226691249477
-0.6399999999999999  0.003127771611732165
-0.6299999999999999  0.003011010906769313
-0.6199999999999999  0.002901326608167845
-0.6099999999999999  0.002788104106385686
-0.5999999999999999  0.0027102636364104505
-0.5899999999999999  0.002575811915544136
-0.5799999999999998  0.0024732040233040532
-0.5699999999999998  0.002420130975593666
-0.5599999999999998  0.002338752302437739
-0.5499999999999998  0.0021936859720293462
-0.54  0.002133536517957574
-0.53  0.002052157844801647
-0.52  0.0019601645621036418
-0.51  0.001896476904851177
-0.5  0.0017024091761005846
-0.49  0.001646285796668697
-0.48  0.0016099095322221035
-0.47  0.0015766512332995035
-0.45999999999999996  0.0015215671757089475
-0.44999999999999996  0.001447775324974429
-0.43999999999999995  0.0014088335952473624
-0.42999999999999994  0.0013876481276496578
-0.41999999999999993  0.0013590477463927566
-0.4099999999999999  0.0013399808255548224
-0.3999999999999999  0.0013007877104990685
-0.3899999999999999  0.0012520611350243479
-0.3799999999999999  0.0012319349408065282
-0.3699999999999999  0.0012065123796892827
-0.3599999999999999  0.0011789712718122665
-0.34999999999999987  0.0011387188833766276
-0.33999999999999986  0.0011196519625386934
-0.32999999999999985  0.001103762861840415
-0.31999999999999984  0.001076221753963399
-0.30999999999999983  0.0010560955597455793
-0.2999999999999998  0.0010327915453881042
-0.29000000000000004  0.0010211395382093665
-0.28  0.0010116060777903995
-0.27  0.0010041911641312028
-0.26  0.000987242790053039
-0.25  0.0009649980490754491
-0.24  0.0009565238620363672
-0.22999999999999998  0.0009491089483771706
-0.21999999999999997  0.0009353383944386626
-0.20999999999999996  0.0009162714736007283
-0.19999999999999996  0.0009025009196622203
-0.18999999999999995  0.0008929674592432532
-0.17999999999999994  0.0008897896391035974
-0.16999999999999993  0.000869663444885778
-0.15999999999999992  0.0008548336175673846
-0.1499999999999999  0.0008484779772880733
-0.1399999999999999  0.0008336481499696799
-0.1299999999999999  0.0008124626823719752
-0.11999999999999988  0.000793395761534041
-0.10999999999999988  0.0007838623011150739
-0.09999999999999987  0.0007626768335173693
-0.08999999999999986  0.0007542026464782874
-0.07999999999999985  0.0007425506392995497
-0.06999999999999984  0.0007351357256403531
-0.05999999999999983  0.0007266615386012712
-0.04999999999999982  0.000711831711282878
-0.039999999999999813  0.000703357524243796
-0.030000000000000027  0.0006980611573443699
-0.020000000000000018  0.000689586970305288
-0.010000000000000009  0.0006736978696070095
0.0  0.0006459389313095557
0.010000000000000009  0.0006418412794961734
0.020000000000000018  0.0006329009482669754
0.030000000000000027  0.000625078158441427
0.040000000000000036  0.0006176278824170955
0.050000000000000044  0.0006105501201939804
0.06000000000000005  0.000602727330368432
0.07000000000000006  0.0005978846509526165
0.08000000000000007  0.0005881992921209854
0.09000000000000008  0.0005800039884942204
0.10000000000000009  0.0005699461158613727
0.1100000000000001  0.0005580256742224421
0.1200000000000001  0.0005520654534029766
0.13000000000000012  0.0005479678015895943
0.14000000000000012  0.000544615177378645
0.15000000000000013  0.0005397724979628295
0.16000000000000014  0.0005353023323482304
0.17000000000000015  0.0005252444597153827
0.18000000000000016  0.0005189117250947008
0.19000000000000017  0.0005099713938655028
0.20000000000000018  0.0005025211178411711
0.2100000000000002  0.0005010310626363048
0.21999999999999997  0.0004980509522265721
0.22999999999999998  0.0004932082728107565
0.24  0.0004879930795937244
0.25  0.0004838954277803419
0.26  0.00047644515175601025
0.27  0.0004727200137438445
0.28  0.00047122995853897816
0.29000000000000004  0.0004645247101170796
0.30000000000000004  0.0004615445997073469
0.3100000000000003  0.0004581919754963977
0.32000000000000006  0.00045185924087571573
0.3300000000000003  0.0004492516442671997
0.3400000000000001  0.00044701656145990017
0.34999999999999987  0.00044329142344773435
0.3600000000000001  0.0004391937716343519
0.3699999999999999  0.0004365861750258358
0.3800000000000001  0.00043546863362218613
0.3899999999999999  0.00043174349561002026
0.40000000000000013  0.00042801835759785444
0.4099999999999999  0.0004257832747905549
0.42000000000000015  0.0004220581367783891
0.42999999999999994  0.00042056808157352275
0.44000000000000017  0.00041758797116379004
0.44999999999999996  0.00041200026414554136
0.4600000000000002  0.00040902015373580865
0.47  0.000406040043326076
0.4800000000000002  0.00040305993291634334
0.49  0.0004004523363078272
0.5000000000000002  0.00038956797026421034
0.51  0.0003857962195147643
0.5200000000000002  0.00038435936208640396
0.53  0.0003818448615867733
0.5400000000000003  0.00037879153955150743
0.55  0.0003746605744449713
0.5600000000000003  0.0003710684308740703
0.5700000000000001  0.00036963157344570996
0.5800000000000003  0.0003667578585889892
0.5900000000000001  0.00036334532219663325
0.6000000000000003  0.0003611900360540927
0.6100000000000001  0.0003602920001613674
0.6199999999999999  0.00035472417762647093
0.6300000000000001  0.00035292810584102043
0.6399999999999999  0.00034969517662720957
0.6500000000000001  0.0003461030330563086
0.6599999999999999  0.000343947746913768
0.6700000000000002  0.00033927796027159675
0.6799999999999999  0.0003382003172003265
0.6900000000000002  0.00033424895927233544
0.7  0.0003324528874868849
0.7100000000000002  0.00033029760134434434
0.72  0.0003272442793090785
0.7300000000000002  0.00032490938598799283
0.74  0.0003238254319092955
0.7500000000000002  0.00032218719195022653
0.76  0.00031982084534268253
0.7700000000000002  0.000319456792018445
0.78  0.0003170904454109009
0.7900000000000003  0.00031436004547911935
0.8  0.00031108356556098143
0.8100000000000003  0.0003092632989397937
0.8200000000000001  0.0003079891123049623
0.8300000000000003  0.000305076685711062
0.8400000000000001  0.00030453060572470565
0.8500000000000003  0.00030343844575199305
0.8600000000000001  0.0003021642591171616
0.8699999999999999  0.0003003439924959739
0.8800000000000001  0.00029888777919902373
0.8899999999999999  0.0002963394059293609
0.9000000000000001  0.0002950652192945295
0.9099999999999999  0.0002914246860521541
0.9200000000000002  0.00029033252607944143
0.9299999999999999  0.00028960441943096636
0.9400000000000002  0.0002879661794718974
0.95  0.00028705604616130356
0.9600000000000002  0.0002854178062022346
0.97  0.0002832334862568093
0.9800000000000002  0.00028250537960833425
0.99  0.00027959295301443386
1.0000000000000002  0.0002775863775618868
1.01  0.0002768511885180226
1.0200000000000002  0.0002764310804929573
1.03  0.00027590594546162567
1.0400000000000003  0.0002754858374365604
1.05  0.0002735953513237666
1.0600000000000003  0.0002724400542548371
1.07  0.0002720199462297718
1.0800000000000003  0.0002715998382047065
1.09  0.00027023448712324436
1.1000000000000003  0.0002679238929853853
1.11  0.0002670836769352547
1.1199999999999999  0.0002666635689101894
1.1300000000000001  0.00026634848789139045
1.14  0.00026529821782872724
1.1500000000000001  0.0002646680557911293
1.16  0.00026382783974099875
1.1700000000000002  0.00026298762369086816
1.18  0.0002625675156658029
1.1900000000000002  0.0002618323266219386
1.2  0.0002607820565592754
1.2100000000000002  0.0002602569215279438
1.22  0.0002594167054778132
1.2300000000000002  0.00025836643541515006
1.24  0.00025805135439635105
1.2500000000000002  0.00025763124637128576
1.26  0.0002573161653524868
1.2700000000000002  0.0002564759493023563
1.28  0.000255740760258492
1.2900000000000003  0.000255425679239693
1.3  0.00025511059822089406
1.3100000000000003  0.0002539553011519646
1.32  0.0002533251391143666
1.3300000000000003  0.0002522748690517034
1.34  0.00025216984204543707
1.3500000000000003  0.0002518547610266381
1.36  0.00025174973402037183
1.3700000000000003  0.00025101454497650753
1.3800000000000001  0.0002506994639577086
1.39  0.00024996427491384433
1.4000000000000001  0.00024964919389504537
1.41  0.00024954416688877904
1.4200000000000002  0.00024901903185744746
1.43  0.00024859892383238217
1.4400000000000002  0.00024807378880105054
1.45  0.00024754865376971897
1.4600000000000002  0.0002473385997571863
1.47  0.0002471285457446537
1.4800000000000002  0.00024691849173212106
1.49  0.0002468134647258547
1.5000000000000002  0.0002467084377195884
1.51  0.0002466034107133221
1.5200000000000002  0.00024618330268825675
1.53  0.0002458682216694578
1.5400000000000003  0.00024576319466319146
1.55  0.0002454481136443925
1.5600000000000003  0.000244607897594262
1.57  0.000244292816575463
1.5800000000000003  0.00024408276256293035
1.59  0.00024366265453786506
1.6000000000000003  0.0002433475735190661
1.61  0.0002428224384877345
1.6200000000000003  0.0002428224384877345
1.6300000000000001  0.00024261238447520188
1.64  0.0002422973034564029
1.6500000000000001  0.0002421922764501366
1.66  0.0002421922764501366
1.6700000000000002  0.0002421922764501366
1.68  0.0002418771954313376
1.6900000000000002  0.0002418771954313376
1.7  0.000241352060400006
1.7100000000000002  0.0002412470333937397
1.72  0.00024114200638747336
1.7300000000000002  0.00024114200638747336
1.74  0.00024114200638747336
1.7500000000000002  0.00024114200638747336
1.76  0.00024114200638747336
1.7700000000000002  0.0002408269253686744
1.78  0.0002408269253686744
1.7900000000000003  0.0002408269253686744
1.8  0.00024061687135614176
1.8100000000000003  0.00024061687135614176
1.82  0.00024061687135614176
1.8300000000000003  0.00024061687135614176
1.84  0.00024061687135614176
1.8500000000000003  0.00024061687135614176
1.86  0.00024061687135614176
1.8700000000000003  0.00024061687135614176
1.8800000000000001  0.00024061687135614176
1.89  0.00024061687135614176
1.9000000000000001  0.00024061687135614176
1.91  0.00024061687135614176
1.9200000000000002  0.00024061687135614176
1.93  0.00024061687135614176
1.9400000000000002  0.00024061687135614176
1.95  0.00024061687135614176
1.9600000000000002  0.00024061687135614176
1.97  0.00024051184434987542
1.9800000000000002  0.00024051184434987542
1.99  0.00024051184434987542
